image: ohgimachi.pgm
resolution: 0.020000
origin: [-232.480000, -213.920000, 0.000000]
negate: 0
occupied_thresh: 0.65
free_thresh: 0.196

